#sp|P55317|FOXA1_HUMAN Propensity score1.27059
25.5 -4.50707 
26.5 -4.038 
27.5 -3.92067 
28.5 -3.91187 
29.5 -3.8136 
30.5 -3.81373 
31.5 -4.14433 
32.5 -4.20513 
33.5 -4.28733 
34.5 -4.33787 
35.5 -4.3292 
36.5 -4.661 
37.5 -4.926 
38.5 -5.0704 
39.5 -5.15133 
40.5 -5.20127 
41.5 -5.31167 
42.5 -5.29873 
43.5 -5.3168 
44.5 -5.1982 
45.5 -4.97093 
46.5 -4.5152 
47.5 -4.05907 
48.5 -3.34367 
49.5 -2.8236 
50.5 -2.2312 
51.5 -1.91387 
52.5 -1.271 
53.5 -0.874267 
54.5 -0.497867 
55.5 -0.4794 
56.5 -0.107467 
57.5 0.0968667 
58.5 0.255533 
59.5 0.157667 
60.5 0.354733 
61.5 0.366133 
62.5 0.475933 
63.5 0.5858 
64.5 0.724867 
65.5 0.822333 
66.5 1.09367 
67.5 0.980333 
68.5 1.06353 
69.5 1.15193 
70.5 0.971333 
71.5 0.922267 
72.5 1.282 
73.5 1.32607 
74.5 1.47793 
75.5 1.69627 
76.5 1.9378 
77.5 2.4044 
78.5 2.81547 
79.5 2.65973 
80.5 2.4622 
81.5 2.376 
82.5 2.25493 
83.5 2.209 
84.5 2.1498 
85.5 2.0438 
86.5 2.4362 
87.5 2.83967 
88.5 3.15727 
89.5 3.67373 
90.5 4.11473 
91.5 4.33433 
92.5 4.55833 
93.5 4.54113 
94.5 4.38767 
95.5 4.29627 
96.5 3.66927 
97.5 3.23787 
98.5 2.75893 
99.5 2.37047 
100.5 2.2106 
101.5 2.31007 
102.5 2.13573 
103.5 2.27567 
104.5 2.2614 
105.5 2.24773 
106.5 1.93253 
107.5 1.57533 
108.5 1.21807 
109.5 0.742733 
110.5 -0.0458 
111.5 -0.819467 
112.5 -1.5808 
113.5 -2.34207 
114.5 -3.2656 
115.5 -4.11333 
116.5 -4.7722 
117.5 -5.14307 
118.5 -5.428 
119.5 -5.59453 
120.5 -5.45853 
121.5 -5.05367 
122.5 -4.93427 
123.5 -4.6268 
124.5 -4.2218 
125.5 -3.90207 
126.5 -3.4066 
127.5 -2.91767 
128.5 -2.42127 
129.5 -1.4646 
130.5 -0.447733 
131.5 0.435733 
132.5 1.4322 
133.5 2.0658 
134.5 2.4742 
135.5 2.76947 
136.5 2.60607 
137.5 2.39667 
138.5 2.32073 
139.5 1.8842 
140.5 1.554 
141.5 1.4014 
142.5 1.16133 
143.5 1.14433 
144.5 1.08973 
145.5 0.940267 
146.5 1.14193 
147.5 1.17747 
148.5 1.00713 
149.5 0.831533 
150.5 0.3654 
151.5 -0.1196 
152.5 -0.666267 
153.5 -1.3434 
154.5 -1.93353 
155.5 -2.25213 
156.5 -2.54553 
157.5 -2.64333 
158.5 -2.74707 
159.5 -2.72193 
160.5 -2.55713 
161.5 -2.3182 
162.5 -2.1422 
163.5 -2.02007 
164.5 -1.82007 
165.5 -1.6654 
166.5 -1.54467 
167.5 -1.4782 
168.5 -1.53093 
169.5 -1.612 
170.5 -1.67307 
171.5 -2.003 
172.5 -2.35947 
173.5 -2.861 
174.5 -3.38073 
175.5 -3.8676 
176.5 -4.50613 
177.5 -5.4452 
178.5 -6.29887 
179.5 -7.30993 
180.5 -8.22473 
181.5 -9.10707 
182.5 -9.9612 
183.5 -10.5488 
184.5 -10.876 
185.5 -11.0187 
186.5 -11.0449 
187.5 -11.0503 
188.5 -11.0275 
189.5 -10.9747 
190.5 -11.0389 
191.5 -11.03 
192.5 -11.0403 
193.5 -10.9385 
194.5 -10.8531 
195.5 -10.8497 
196.5 -10.8909 
197.5 -10.7777 
198.5 -10.6726 
199.5 -10.6192 
200.5 -10.5519 
201.5 -10.4464 
202.5 -10.2264 
203.5 -9.946 
204.5 -9.75227 
205.5 -9.5582 
206.5 -9.24393 
207.5 -9.02973 
208.5 -8.7456 
209.5 -8.47227 
210.5 -8.2764 
211.5 -7.96113 
212.5 -7.5398 
213.5 -6.83287 
214.5 -6.043 
215.5 -5.27987 
216.5 -4.68313 
217.5 -4.10913 
218.5 -3.6992 
219.5 -3.4416 
220.5 -3.4848 
221.5 -3.4936 
222.5 -3.50113 
223.5 -3.1316 
224.5 -2.67133 
225.5 -2.21753 
226.5 -1.76967 
227.5 -1.24013 
228.5 -0.7478 
229.5 -0.077 
230.5 0.148333 
231.5 0.309267 
232.5 0.365467 
233.5 0.4362 
234.5 0.514933 
235.5 0.468267 
236.5 0.348067 
237.5 0.382067 
238.5 0.326933 
239.5 0.491667 
240.5 0.562133 
241.5 0.584667 
242.5 0.6944 
243.5 0.673267 
244.5 0.634333 
245.5 0.902667 
246.5 1.06833 
247.5 1.44013 
248.5 2.03007 
249.5 2.87527 
250.5 3.9518 
251.5 5.25573 
252.5 6.2786 
253.5 7.59907 
254.5 8.82093 
255.5 10.0424 
256.5 11.1521 
257.5 12.0899 
258.5 12.9637 
259.5 13.7973 
260.5 14.4535 
261.5 15.0839 
262.5 15.6587 
263.5 15.7457 
264.5 15.8076 
265.5 15.6886 
266.5 15.7839 
267.5 15.8991 
268.5 16.1043 
269.5 16.113 
270.5 16.4223 
271.5 16.9129 
272.5 17.334 
273.5 17.4539 
274.5 17.4757 
275.5 17.4492 
276.5 17.4697 
277.5 17.3931 
278.5 17.0937 
279.5 16.6155 
280.5 16.4403 
281.5 16.2121 
282.5 15.972 
283.5 15.7393 
284.5 15.7328 
285.5 15.7631 
286.5 15.936 
287.5 16.2279 
288.5 16.6695 
289.5 16.9114 
290.5 17.4975 
291.5 17.8908 
292.5 18.1747 
293.5 18.5303 
294.5 18.9575 
295.5 19.0345 
296.5 19.2411 
297.5 18.8479 
298.5 18.1941 
299.5 17.6638 
300.5 16.8911 
301.5 15.5869 
302.5 14.504 
303.5 13.2022 
304.5 12.1447 
305.5 11.1077 
306.5 9.80327 
307.5 8.678 
308.5 7.63807 
309.5 6.6874 
310.5 5.8966 
311.5 5.14433 
312.5 4.3496 
313.5 3.81107 
314.5 3.26553 
315.5 2.85613 
316.5 2.59327 
317.5 2.54913 
318.5 2.42893 
319.5 2.61593 
320.5 2.80113 
321.5 2.7644 
322.5 2.91753 
323.5 2.80427 
324.5 2.41127 
325.5 2.0902 
326.5 1.74133 
327.5 1.45493 
328.5 1.341 
329.5 1.06133 
330.5 0.830067 
331.5 0.752933 
332.5 0.6354 
333.5 0.496933 
334.5 0.0888667 
335.5 0.0123333 
336.5 -0.0509333 
337.5 -0.1146 
338.5 -0.3268 
339.5 -0.477867 
340.5 -0.8778 
341.5 -1.06633 
342.5 -1.46507 
343.5 -1.86753 
344.5 -2.52927 
345.5 -3.02527 
346.5 -3.48007 
347.5 -3.65533 
348.5 -3.83667 
349.5 -4.25473 
350.5 -4.3948 
351.5 -4.25873 
352.5 -4.1726 
353.5 -4.185 
354.5 -4.16453 
355.5 -4.1108 
356.5 -3.80667 
357.5 -3.6998 
358.5 -3.67827 
359.5 -3.6538 
360.5 -3.63847 
361.5 -3.8216 
362.5 -3.74693 
363.5 -3.6278 
364.5 -3.5496 
365.5 -3.32587 
366.5 -3.319 
367.5 -3.48427 
368.5 -3.45927 
369.5 -3.60873 
370.5 -3.84253 
371.5 -4.07033 
372.5 -4.42713 
373.5 -4.5054 
374.5 -4.38113 
375.5 -4.16033 
376.5 -3.93953 
377.5 -3.8014 
378.5 -3.7182 
379.5 -3.48767 
380.5 -3.27767 
381.5 -3.023 
382.5 -2.85453 
383.5 -2.7766 
384.5 -2.64507 
385.5 -2.6716 
386.5 -2.65067 
387.5 -2.9352 
388.5 -3.18833 
389.5 -3.44007 
390.5 -3.573 
391.5 -3.7484 
392.5 -3.6904 
393.5 -3.7038 
394.5 -3.38893 
395.5 -3.2 
396.5 -3.11133 
397.5 -3.1284 
398.5 -3.04693 
399.5 -3.00367 
400.5 -3.23833 
401.5 -3.4722 
402.5 -3.3866 
403.5 -3.20967 
404.5 -3.13313 
405.5 -3.15347 
406.5 -3.2098 
407.5 -3.04233 
408.5 -2.87153 
409.5 -3.03333 
410.5 -3.22387 
411.5 -3.4712 
412.5 -3.66847 
413.5 -3.87227 
414.5 -4.03093 
415.5 -4.2526 
416.5 -4.4478 
417.5 -4.71587 
418.5 -4.8916 
419.5 -5.14273 
420.5 -5.36107 
421.5 -5.56707 
422.5 -5.81187 
423.5 -6.02633 
424.5 -6.1764 
425.5 -6.35947 
426.5 -6.61187 
427.5 -6.8556 
428.5 -7.01093 
429.5 -7.17207 
430.5 -7.38693 
431.5 -7.6118 
432.5 -7.74047 
433.5 -7.73073 
434.5 -7.50927 
435.5 -7.42053 
436.5 -7.3568 
437.5 -7.19613 
438.5 -7.04153 
439.5 -6.9218 
440.5 -6.89693 
441.5 -7.10453 
442.5 -7.172 
443.5 -7.22273 
444.5 -7.34247 
445.5 -7.7554 
446.5 -8.14173 
