# Protein Max Cluster Sum 5.23
11228.57 2638.08 1622.22 1522.59 801.40 837.10 120.21 76.67
1837.61 905.56 525.16 591.34 382.70 301.85 58.30 44.02
# temperature  rho_differ *1947.987mg/ml 5.23  Tc=300.67605
184.52 117.63 117.29 105.23 89.87 89.99 40.17 26.17
14.06 14.95 12.09 12.97 15.91 12.60 11.31 7.04
# dnafoldcontact rd=1.5 490beads 8.12
72.78 81.94 53.87 104.93 75.72 104.97 4.14 9.64
26.27 31.91 23.87 36.54 36.59 38.00 3.76 8.35
# dnabead 490beads number in protein center box in dna max bead bin center box 8.25
98.47 99.90 115.03 104.65 111.00 102.77 32.58 0
2.75 4.89 9.41 6.76 9.65 6.64 18.77 0
101.54 103.44 119.10 108.99 112.53 104.94 0 0
2.88 4.09 8.53 6.31 16.06 5.95 0 0
# The sum number of protein-DNA inter-chain contact
14708.73  10909.36   9872.04  9903.07   8516.56   8746.26   5744.83  5184.74

