# Fox60 in 30 bins 8.10 0.82ePD
20.42 1.44 35.78 69.81 95.41 127.11 173.17 171.29 157.43 276.74 950.62 1782.42 3085.48 1836.32 1618.56 766.97 577.58 74.68 26.94 27.06 22.51 3.33 0.00 0.00 0.00 0.00 0.00 0.97 30.87 67.08
23.98 5.81 35.15 37.02 66.73 89.85 80.21 72.49 122.01 120.29 197.58 276.43 282.08 220.66 156.54 135.26 88.39 40.67 27.53 31.75 25.34 10.54 0.05 0.00 0.00 0.00 0.00 4.99 23.88 32.58
160.61 158.72 156.35 153.21 150.94 178.15 262.91 400.67 382.13 594.12 995.62 877.41 794.23 1049.05 1256.91 1205.94 709.67 375.45 268.71 289.07 247.19 281.77 167.75 90.34 67.61 100.89 147.45 162.35 150.62 164.16
89.86 70.28 80.21 72.27 46.32 105.31 74.39 152.49 176.55 131.57 152.13 208.23 149.10 135.24 141.52 124.52 117.80 107.74 122.02 85.61 101.77 71.45 65.21 61.20 54.65 84.48 76.43 50.14 74.51 72.91
142.76 171.29 222.61 294.20 329.89 345.05 397.42 301.79 424.05 586.68 877.78 944.24 958.04 823.71 1226.91 1023.53 805.67 696.76 330.61 255.67 203.30 218.47 54.35 52.01 80.22 89.47 49.35 16.31 23.05 54.81
58.62 77.13 69.38 66.57 85.28 99.39 80.05 87.11 107.68 173.45 181.66 134.49 151.83 125.54 128.01 131.71 188.54 136.56 119.44 106.81 99.13 80.45 39.18 32.31 44.51 49.62 38.58 25.74 31.99 36.37
156.52 210.56 261.97 202.10 229.44 293.88 325.50 412.99 448.65 554.02 745.22 842.21 1168.73 1191.50 1092.62 733.69 716.22 464.04 281.62 244.65 199.22 156.67 197.25 193.16 120.17 111.87 144.81 117.26 99.51 83.95
70.25 65.13 75.14 73.17 82.27 92.49 99.86 136.67 113.19 212.74 141.73 231.01 159.77 148.93 141.48 114.99 118.01 118.95 129.61 92.70 86.97 69.05 82.58 78.43 60.62 70.95 90.32 53.77 80.64 56.53
172.04 191.37 239.68 279.63 255.62 266.41 274.78 355.49 466.47 574.19 897.10 747.04 619.69 815.31 1188.47 1241.91 850.90 470.84 351.84 300.85 306.32 148.56 165.42 191.74 141.55 102.78 111.16 85.92 100.37 86.54
65.59 97.49 105.99 75.98 106.06 123.60 125.78 112.26 107.62 144.16 143.57 121.13 170.07 131.93 153.56 97.77 167.78 136.49 85.15 81.33 83.86 54.18 95.71 62.97 70.71 47.45 66.25 45.31 44.59 57.27
121.21 143.70 202.62 280.67 361.23 302.74 393.33 494.98 576.80 638.73 716.89 619.71 643.62 793.74 857.93 1093.35 1040.25 474.59 413.34 361.64 219.03 233.95 245.66 154.29 91.46 88.95 47.97 118.48 147.72 121.44
74.11 54.06 88.29 87.11 84.08 83.02 101.35 113.25 116.52 177.73 137.00 121.40 122.78 108.96 128.68 134.18 139.37 124.46 121.41 120.08 67.89 95.86 92.54 65.54 45.38 64.26 43.63 56.01 46.68 50.81
205.78 269.95 241.05 307.98 383.95 341.10 420.14 487.71 553.17 656.82 671.63 706.15 702.63 935.75 850.59 645.84 732.65 589.29 368.72 216.54 237.21 273.34 233.00 181.42 186.25 131.29 128.01 99.53 98.83 143.65
84.05 80.98 74.40 87.84 107.46 133.45 83.90 98.83 137.97 115.23 97.13 113.73 156.86 99.23 247.71 129.05 136.58 196.29 85.80 105.66 99.33 81.92 80.26 72.21 74.46 68.74 94.19 70.58 61.75 69.13
294.14 318.06 346.71 314.20 400.24 333.32 228.80 150.99 172.45 369.91 610.57 400.89 412.04 513.53 488.72 644.87 804.05 714.07 405.44 300.53 440.79 411.36 319.06 310.46 365.25 514.78 529.08 386.46 249.26 249.95
91.68 91.64 78.03 104.32 126.76 87.97 70.11 43.47 50.75 87.11 62.11 124.21 89.98 115.25 93.98 146.35 134.52 118.02 125.23 62.83 91.87 82.82 130.38 128.33 96.20 119.60 133.16 108.14 86.16 84.45
