# dnafoldcontact bead number in 12 bins rd=1.5 490beads 8.10 le
0.00 0.00 7.44 19.69 23.25 13.55 9.14 1.86 0.00 0.00 0.00 0.00
0.01 0.07 8.47 10.10 11.19 8.49 8.26 3.81 0.00 0.00 0.00 0.00
0.00 0.00 0.00 14.56 18.01 23.54 21.09 1.09 0.00 0.00 0.00 0.00
0.00 0.09 0.00 8.35 10.18 11.73 13.15 2.73 0.00 0.00 0.00 0.00
0.00 0.38 1.28 26.09 22.40 20.80 15.53 0.03 0.00 0.00 0.00 0.00
0.02 1.01 2.89 11.63 10.92 10.51 8.74 0.22 0.00 0.00 0.00 0.00
0.00 0.00 0.00 2.54 20.15 19.73 9.01 0.00 1.39 0.00 0.00 0.00
0.00 0.16 0.02 3.97 10.38 12.42 6.87 0.00 1.86 0.00 0.00 0.00
0.00 0.00 0.00 0.50 19.64 26.00 3.76 0.00 0.00 1.35 0.00 0.00
0.00 0.03 0.05 1.89 9.12 10.82 4.79 0.00 0.00 1.78 0.00 0.00
0.02 0.12 0.00 0.00 0.00 0.00 0.00 0.00 0.00 1.33 0.45 0.00
0.31 0.86 0.00 0.07 0.00 0.02 0.00 0.00 0.10 1.75 1.28 0.02
