# Fox60 in 30 bins 8.10 le
114.42 179.83 210.75 206.11 213.27 321.28 436.47 443.61 519.53 715.52 802.08 795.41 1049.61 1191.08 1216.25 1022.10 509.76 429.17 465.05 320.86 206.48 117.14 86.32 109.23 88.79 18.16 26.85 29.81 70.92 84.12
78.02 96.06 71.99 109.37 101.45 90.38 101.68 105.66 111.31 118.03 165.27 176.42 141.85 167.02 228.49 118.72 202.09 95.60 182.44 96.70 109.84 71.34 54.72 40.53 49.97 25.50 25.05 30.21 42.80 66.51
83.69 109.67 161.81 191.43 247.19 392.11 431.28 535.35 549.61 597.73 914.85 826.47 1068.15 1234.40 1059.18 1074.15 507.30 309.43 296.80 211.48 156.52 151.64 174.93 81.89 107.87 125.58 73.19 75.82 129.42 121.03
40.49 55.99 77.52 72.45 96.48 91.99 92.36 170.56 122.50 136.26 132.46 138.08 137.46 166.08 150.99 215.01 95.55 80.15 97.75 56.52 77.27 60.58 58.54 50.05 60.16 91.07 62.93 51.83 74.27 86.10
83.08 95.11 162.03 290.39 351.65 310.87 360.86 447.71 354.46 678.47 1216.63 924.30 1090.42 1049.57 950.56 837.09 506.36 331.26 258.14 260.60 235.66 174.29 185.17 220.48 175.67 201.52 120.81 45.37 34.39 47.09
43.70 51.49 66.47 100.00 135.11 100.58 84.49 110.80 105.82 174.54 160.68 164.50 122.34 173.71 136.05 128.89 113.69 94.56 72.98 67.46 108.04 98.38 85.94 59.27 72.50 76.80 71.40 46.37 43.20 68.73
103.26 111.68 139.42 219.84 223.06 353.99 363.51 325.47 375.32 567.73 871.92 829.94 916.08 1288.33 1166.87 751.17 598.35 631.20 421.75 393.27 303.74 180.44 110.00 75.59 88.93 103.88 153.27 147.47 105.00 79.52
35.85 66.40 74.96 72.59 131.28 109.97 122.33 91.38 92.34 148.86 143.27 184.82 131.75 192.67 178.88 129.86 127.22 116.76 156.20 102.11 99.73 89.67 86.80 49.90 66.48 59.10 90.14 63.36 42.23 44.51
117.71 96.33 133.58 172.12 241.07 365.61 477.04 417.98 434.56 586.57 995.00 775.31 816.64 1059.05 1014.68 703.71 639.99 659.33 632.72 311.73 301.22 306.68 201.87 149.63 129.90 45.79 8.14 8.83 61.19 136.01
71.26 54.55 59.86 78.10 97.58 110.65 134.52 114.27 116.39 106.62 128.78 112.97 134.21 120.12 115.65 122.76 109.25 116.66 79.38 76.70 75.79 75.97 79.91 57.15 64.30 33.41 17.69 17.42 36.62 65.33
118.10 204.79 255.38 303.45 274.70 345.67 318.62 314.92 266.72 629.31 988.76 681.00 796.66 835.84 776.57 969.83 809.48 690.49 691.07 597.05 274.61 224.71 92.67 59.56 71.22 77.65 46.50 75.30 96.86 112.50
59.69 70.83 98.83 94.07 108.12 104.12 107.26 95.99 74.73 174.56 175.36 180.12 137.96 134.97 169.06 152.42 137.37 118.29 127.95 109.08 93.46 101.43 55.39 44.36 36.72 45.93 27.47 39.30 73.86 46.85
