# dnafoldcontact bead number in 12 bins rd=1.5 490beads 0e250 0.7 0.75 0.8 0.9 1.0ePD 290K 9.21
0.00 0.03 0.00 0.08 0.00 0.00 0.04 0.05 0.94 0.12 0.00 0.00
0.00 0.52 0.00 0.65 0.12 0.09 0.46 0.51 1.45 0.59 0.00 0.00
0.00 3.55 0.19 0.66 0.05 0.13 0.68 2.72 0.36 0.00 0.00 0.00
0.03 2.46 1.02 1.87 0.48 0.79 1.88 2.48 1.09 0.00 0.00 0.00
0.00 0.80 0.01 0.02 0.06 2.04 2.04 0.47 0.00 0.00 0.00 0.00
0.00 1.57 0.18 0.34 0.58 2.97 2.40 1.11 0.00 0.00 0.00 0.00
4.63 2.77 0.01 0.06 0.21 0.00 0.00 0.06 12.70 5.23 0.00 0.00
5.87 4.50 0.25 0.50 1.14 0.11 0.03 0.43 9.09 4.38 0.00 0.00
0.00 0.15 0.18 23.87 28.20 23.84 17.09 0.09 0.01 0.00 0.00 0.00
0.00 0.53 0.80 10.44 11.93 9.95 7.60 0.47 0.17 0.00 0.00 0.00
0.00 0.04 0.00 13.85 26.61 29.86 14.41 38.44 0.77 0.00 0.00 0.00
0.00 0.27 0.03 5.63 9.18 9.41 6.61 8.70 1.76 0.00 0.00 0.00