# Fox60 in 30 bins 0e250 0.7 0.75 0.8 0.9 1.0ePD 290K 9.21
284.22 247.69 179.62 178.27 193.13 159.85 339.63 223.01 260.40 249.26 865.76 1400.85 1071.45 1014.87 558.72 391.99 293.46 432.97 978.02 622.32 351.71 188.59 141.91 149.76 158.16 235.83 244.97 228.43 199.94 155.21
97.61 100.61 74.25 108.31 114.71 96.19 106.27 125.67 77.10 92.42 237.47 253.23 215.30 322.20 159.95 121.18 220.03 183.88 345.02 205.46 121.19 61.55 78.14 81.98 56.78 73.88 100.39 78.57 100.03 83.55
165.26 174.25 243.29 277.89 306.58 344.35 405.93 377.58 372.07 526.63 822.39 981.10 827.90 883.19 808.03 758.00 735.69 641.61 589.22 321.15 225.93 276.52 218.44 210.65 171.02 36.46 70.75 59.01 53.91 115.17
69.27 82.22 90.44 123.86 150.18 83.00 119.74 141.41 119.41 117.62 142.82 168.69 169.62 178.26 146.77 163.46 167.16 123.51 120.86 125.71 78.20 80.62 80.21 101.79 61.18 31.14 37.29 45.78 54.51 64.46
140.54 195.17 260.86 303.27 315.37 275.44 330.41 302.39 329.99 457.25 721.82 715.40 810.11 1085.84 1251.04 756.87 719.18 534.08 427.88 344.93 226.92 181.00 203.43 203.68 196.00 180.06 116.06 122.40 165.31 127.28
74.16 113.06 121.11 91.70 127.66 99.82 74.83 86.93 119.01 100.33 162.65 147.81 90.30 208.81 169.34 146.36 136.99 140.28 109.89 83.22 85.57 102.01 79.08 92.21 68.84 55.74 57.87 58.56 82.36 72.24
181.56 141.03 190.88 224.25 187.24 202.59 225.17 289.65 386.26 731.42 821.26 711.94 940.81 706.83 718.07 781.96 664.31 924.39 671.86 537.44 363.23 194.25 148.22 144.85 132.45 106.65 172.96 198.97 142.11 157.34
102.31 60.73 89.05 85.87 108.96 86.52 113.41 77.47 98.16 174.28 153.64 203.08 164.09 136.22 136.36 112.76 105.53 129.15 150.66 113.06 96.30 63.09 48.77 62.31 59.72 57.00 87.34 66.47 72.35 59.91
151.53 157.70 150.62 223.17 332.54 354.28 425.76 535.19 526.48 592.43 747.38 754.86 1125.87 1022.37 1034.32 1048.02 680.65 397.41 325.51 253.69 167.76 152.29 189.81 108.59 63.07 45.53 57.41 118.18 116.29 141.26
54.50 68.74 53.05 73.62 99.26 77.58 105.45 100.30 138.55 125.42 105.84 96.72 106.45 137.20 119.80 122.41 111.28 124.25 109.24 104.16 80.18 70.65 53.51 65.25 52.15 46.54 37.28 52.38 59.56 71.96
49.72 91.20 221.79 296.26 387.99 405.00 482.18 474.96 464.30 482.74 801.27 814.82 1077.15 1204.28 1128.53 764.58 855.71 281.94 223.55 190.88 236.32 337.00 247.00 175.86 97.12 68.14 53.86 39.13 15.01 31.70
51.52 58.57 73.05 84.74 93.45 103.76 96.53 115.50 121.00 106.55 161.49 121.71 130.27 133.61 124.61 94.24 100.32 75.89 88.52 102.14 86.95 112.87 128.52 89.26 54.03 34.12 45.04 29.11 24.72 37.18
