# dnafoldcontact bead number in 12 bins rd=1.5 490beads 8.10 0.82ePD
0.00 0.01 1.11 10.44 17.61 11.74 8.87 6.34 0.00 0.00 0.00 0.00
0.00 0.11 1.39 7.20 10.14 8.26 5.95 4.33 0.03 0.00 0.00 0.00
0.00 0.87 0.02 7.75 18.31 19.58 15.94 1.14 0.00 0.00 0.00 0.00
0.00 1.24 0.19 5.87 10.10 10.78 8.02 2.71 0.00 0.00 0.00 0.00
0.00 2.36 0.01 0.01 2.96 22.17 14.10 0.18 0.15 0.00 0.00 0.00
0.00 2.03 0.14 0.26 4.12 10.54 8.93 0.93 0.81 0.00 0.00 0.00
0.00 0.00 5.38 20.13 24.99 21.91 2.36 1.50 0.17 0.00 0.00 0.00
0.00 0.05 6.10 11.36 11.25 10.94 3.58 1.84 0.75 0.00 0.00 0.00
0.27 0.38 0.00 0.00 6.62 19.61 23.99 3.22 0.00 0.00 0.00 0.00
1.16 1.03 0.05 0.10 7.03 13.60 11.93 4.00 0.01 0.00 0.00 0.00
0.00 0.32 0.00 0.00 13.33 22.65 22.92 16.81 0.05 0.00 0.00 0.00
0.00 0.98 0.04 0.05 7.62 11.93 11.38 9.26 0.39 0.00 0.00 0.00
0.00 0.02 0.01 0.03 0.15 0.13 0.22 3.25 0.16 0.00 0.00 0.00
0.00 0.29 0.22 0.40 0.86 0.78 0.74 2.88 0.69 0.00 0.00 0.00
0.75 0.48 0.00 0.00 0.01 0.00 0.00 5.42 0.77 0.51 0.00 0.00
1.43 1.23 0.09 0.15 0.26 0.00 0.09 3.90 2.06 1.66 0.00 0.00

